191.0 330.0 293.0 319.0 293.0 369.0 196.0 367.0
475.0 408.0 552.0 402.0 549.0 472.0 475.0 470.0
469.0 288.0 572.0 265.0 578.0 312.0 479.0 327.0
458.0 224.0 562.0 192.0 576.0 246.0 465.0 277.0
475.0 134.0 564.0 125.0 556.0 180.0 455.0 211.0
452.0 67.0 575.0 72.0 571.0 117.0 470.0 122.0
352.0 63.0 437.0 70.0 456.0 128.0 351.0 125.0
259.0 51.0 333.0 51.0 338.0 130.0 268.0 133.0
131.0 66.0 239.0 48.0 245.0 139.0 165.0 139.0
190.0 466.0 307.0 450.0 309.0 523.0 183.0 523.0
63.0 164.0 168.0 165.0 166.0 232.0 78.0 234.0
74.0 273.0 160.0 268.0 161.0 330.0 81.0 350.0
566.0 400.0 637.0 408.0 641.0 504.0 560.0 486.0
403.0 215.0 449.0 218.0 450.0 259.0 376.0 257.0
287.0 224.0 367.0 220.0 365.0 266.0 290.0 274.0
373.0 148.0 466.0 139.0 449.0 205.0 369.0 200.0
292.0 153.0 352.0 149.0 359.0 211.0 290.0 209.0
200.0 150.0 280.0 150.0 274.0 256.0 185.0 257.0
324.0 279.0 444.0 267.0 452.0 315.0 312.0 324.0
175.0 264.0 286.0 261.0 285.0 312.0 174.0 322.0
482.0 340.0 576.0 325.0 591.0 376.0 489.0 388.0
319.0 336.0 446.0 327.0 455.0 387.0 315.0 396.0
196.0 381.0 299.0 378.0 306.0 437.0 189.0 447.0
347.0 406.0 465.0 387.0 450.0 493.0 351.0 494.0
